0.22636033392776939
0.24640422045154659
0.18037123288323934
0.16377124306615937
0.19512605345646944
0.17838924907193934
0.17323583575065465
0.19369839134693836
0.19512605345646944
0.18288232615831362
0.1942180106079714
0.1839107818275866
0.198171129742029
0.18508470354160222
0.18292775558823723
0.19869206966256228
0.20898711120044516
0.1783788167694002
0.21158682725355732
0.19512605345646944
0.1661488343149036
0.19512605345646944
0.19164112313173765
0.22387482913072687
0.23396736212027178
0.19007098849473508
